Relatório de palavras-chave negativas
Todo o período
Palavra-chave negativa,Palavra-chave ou lista,Campanha,Grupo de anúncios,Nível,Tipo de corresp.
"""trabalho""",Palavra-chave,vendas utimate kit, --,Campanha,Correspondência de frase
aula de inglês grátis,Palavra-chave,vendas utimate kit, --,Campanha,Correspondência ampla
"""iniciantes""",Palavra-chave,vendas utimate kit, --,Campanha,Correspondência de frase
"""vagas""",Palavra-chave,vendas utimate kit, --,Campanha,Correspondência de frase
"""curso gratuito""",Palavra-chave,vendas utimate kit, --,Campanha,Correspondência de frase
"""gratuito""",Palavra-chave,vendas utimate kit, --,Campanha,Correspondência de frase
"""download""",Palavra-chave,vendas utimate kit, --,Campanha,Correspondência de frase
grátis,Palavra-chave,vendas utimate kit, --,Campanha,Correspondência ampla
pdf,Palavra-chave,vendas utimate kit, --,Campanha,Correspondência ampla
entrevista com celebridade,Palavra-chave,vendas utimate kit, --,Campanha,Correspondência ampla
"""exercícios""",Palavra-chave,vendas utimate kit, --,Campanha,Correspondência de frase
gratis,Palavra-chave,vendas utimate kit, --,Campanha,Correspondência ampla
"""do zero""",Palavra-chave,vendas utimate kit, --,Campanha,Correspondência de frase
"""básico""",Palavra-chave,vendas utimate kit, --,Campanha,Correspondência de frase
torrent,Palavra-chave,vendas utimate kit, --,Campanha,Correspondência ampla
"""podcast""",Palavra-chave,vendas utimate kit, --,Campanha,Correspondência de frase
download grátis,Palavra-chave,vendas utimate kit, --,Campanha,Correspondência ampla
"""class""",Palavra-chave,vendas utimate kit, --,Campanha,Correspondência de frase
vagas de emprego,Palavra-chave,vendas utimate kit, --,Campanha,Correspondência ampla
curso de inglês básico,Palavra-chave,vendas utimate kit, --,Campanha,Correspondência ampla
gratuito,Palavra-chave,vendas utimate kit, --,Campanha,Correspondência ampla
"""iniciante""",Palavra-chave,vendas utimate kit, --,Campanha,Correspondência de frase
baixar,Palavra-chave,vendas utimate kit, --,Campanha,Correspondência ampla
aulas,Palavra-chave,vendas utimate kit, --,Campanha,Correspondência ampla
pdf grátis,Palavra-chave,vendas utimate kit, --,Campanha,Correspondência ampla
"""pdf""",Palavra-chave,vendas utimate kit, --,Campanha,Correspondência de frase
tradutor,Palavra-chave,vendas utimate kit, --,Campanha,Correspondência ampla
emprego,Palavra-chave,vendas utimate kit, --,Campanha,Correspondência ampla
"""linkedin""",Palavra-chave,vendas utimate kit, --,Campanha,Correspondência de frase
"""professor""",Palavra-chave,vendas utimate kit, --,Campanha,Correspondência de frase
famosos,Palavra-chave,vendas utimate kit, --,Campanha,Correspondência ampla
significado,Palavra-chave,vendas utimate kit, --,Campanha,Correspondência ampla
vagas,Palavra-chave,vendas utimate kit, --,Campanha,Correspondência ampla
youtube,Palavra-chave,vendas utimate kit, --,Campanha,Correspondência ampla
"""vaga""",Palavra-chave,vendas utimate kit, --,Campanha,Correspondência de frase
"""grátis""",Palavra-chave,vendas utimate kit, --,Campanha,Correspondência de frase
trabalhe conosco,Palavra-chave,vendas utimate kit, --,Campanha,Correspondência ampla
linkedin,Palavra-chave,vendas utimate kit, --,Campanha,Correspondência ampla
"""street""",Palavra-chave,vendas utimate kit, --,Campanha,Correspondência de frase
curso gratis,Palavra-chave,vendas utimate kit, --,Campanha,Correspondência ampla
download,Palavra-chave,vendas utimate kit, --,Campanha,Correspondência ampla
